Time	Actual	Regression Fit
0.2	3	2.174700855
0.25	3	3.551623932
0.3	5	5.513608324
0.35	8	8.04602277
0.4	11	11.13423601
0.45	14	14.76361677
0.5	19	18.9195338
0.55	24	23.58735583
0.6	29	28.75245161
0.65	35	34.40018986
0.7	41	40.51593933
0.75	49	47.08506875
0.8	54	54.09294686
0.85	61	61.5249424
0.9	68	69.36642411
0.95	76	77.60276072
1	85	86.21932097
1.05	96	95.2014736
1.1	105	104.5345873
1.15	115	114.2040309
1.2	124	124.1951731
1.25	134	134.4933827
1.3	146	145.0840282
1.35	158	155.9524786
1.4	165	165.1642566
1.45	175	175.1385344
1.5	185	185.0232175
1.55	195	194.8183681
1.6	205	204.5240482
1.65	215	214.1403198
1.7	224	223.6672452
1.75	232	233.1048863
1.8	242	242.4533052
1.85	251	251.712564
1.9	261	260.8827248
1.95	270	269.9638497
2	278	278.9560007
2.05	288	287.8592399
2.1	297	296.6736294
2.15	306	305.3992313
2.2	314	314.0361077
2.25	323	322.5843205
2.3	331	331.043932
2.35	339	339.4150041
2.4	349	347.697599
2.45	356	355.8917787
2.5	364	363.9976054
2.55	372	372.015141
2.6	379	379.9444478
2.65	388	387.7855876
2.7	395	395.5386227
2.75	404	403.2036151
2.8	412	410.7806269
2.85	419	418.2697201
2.9	426	425.6709569
2.95	434	432.9843993
3	440	440.2101093
3.05	448	447.3481492
3.1	455	454.3985809
3.15	460	461.3614665
3.2	468	468.2368681
3.25	475	475.0248478
3.3	481	481.7254677
3.35	487	488.3387898
3.4	495	494.8648762
3.45	501	501.303789
3.5	507	507.6555903
3.55	513	513.9203421
3.6	519	520.0981066
3.65	525	526.1889457
3.7	532	532.1929217
3.75	537	538.1100965
3.8	544	543.9405322
3.85	549	549.6842909
3.9	555	555.3414348
3.95	561	560.9120258
4	566	566.3961261
4.05	572	571.7937976
4.1	577	577.1051026
4.15	583	582.3301031
4.2	588	587.4688611
4.25	593	592.5214388
4.3	598	597.4878982
4.35	602	602.3683013
4.4	607	607.1627104
4.45	613	611.8711874
4.5	618	616.4937944
4.55	622	621.0305935
4.6	626	625.4816468
4.65	630	629.8470164
4.7	634	634.1267643
4.75	639	638.3209526
4.8	642	642.4296434
4.85	647	646.4528988
4.9	651	650.3907808
4.95	654	654.2433515
5	658	658.0106731
5.05	662	661.6928075
5.1	666	665.2898169
5.15	669	668.8017634
5.2	673	672.2287089
5.25	676	675.5707156
5.3	679	678.8278456
5.35	682	682.000161
5.4	685	685.0877238
5.45	688	688.0905961
5.5	691	691.0088399
5.55	693	693.8425175
5.6	696	696.5916907
5.65	699	699.2564218
5.7	702	701.8367728
5.75	704	704.3328057
5.8	707	706.7445827
5.85	709	709.0721658
5.9	711	711.3156171
5.95	713	713.4749987
6	715	715.5503727
6.05	717	717.5418011
6.1	719	719.449346
6.15	721	721.2730695
6.2	723	723.0130336
6.25	725	724.6693006
6.3	726	726.2419323
6.35	727	727.730991
6.4	729	729.1365386
6.45	730	730.4586373
6.5	731	731.6973491
6.55	733	732.8527361
6.6	734	733.9248605
6.65	735	734.9137842
6.7	735	735.8195693
6.75	738	736.642278
6.8	738	737.3819723
6.85	738	738.0387142
6.9	739	738.612566
6.95	739	739.1035895
7	740	739.511847
7.05	740	739.8374005
7.2	748	742.5979811
7.25	743	742.839091
7.3	743	742.9998141
7.35	743	743.0810298
7.4	743	743.0836171
7.45	742	743.0084552
7.5	741	742.8564234
7.55	742	742.6284007
7.6	741	742.3252663
7.65	742	741.9478994
7.7	740	741.4971792
7.75	741	740.9739847
7.8	742	740.3791953
7.85	738	739.7136901
7.9	737	738.9783481
7.95	737	738.1740486
8	736	737.3016708
8.05	736	736.3620938
8.1	736	735.3561968
8.15	733	734.284859
8.2	731	733.1489594
8.25	731	731.9493773
8.3	730	730.6869919
8.35	726	729.3626823
8.4	730	727.9773277
8.45	727	726.5318072
8.5	724	725.027
8.55	720	723.4637852
8.6	716	721.8430422
8.65	720	720.1656499
8.7	721	718.4324876
8.75	723	716.6444344
8.8	716	714.8023695
8.85	698	712.9071721
8.9	717	710.9597214
8.95	723	708.9608964
9	724	706.9115764
9.05	725	704.8126405
9.1	721	702.6649679
9.15	703	700.4694378
9.2	694	698.2269293
9.25	702	695.9383216
9.3	696	693.6044939
9.35	689	691.2263253
9.4	676	688.8046949
9.45	679	686.3404821
9.5	675	683.8345658
9.55	646	681.2878253
9.6	670	678.7011398
9.65	675	676.0753884
9.7	678	673.4114503
9.75	677	670.7102047
9.8	675	667.9725306
9.85	675	665.1993073
9.9	659	662.391414
9.95	649	659.5497298
10	650	656.6751339
10.05	650	653.7685054
10.1	648	650.8307235
10.15	650	647.8626674
10.2	639	644.8652162
10.25	637	641.8392492
10.3	634	638.7856454
10.35	632	635.705284
10.4	629	632.5990443
10.45	633	629.4678053
10.5	640	626.3124463
10.55	629	623.1338463
10.6	634	619.9328846
10.65	625	616.7104404
10.7	621	613.4673927
10.75	621	610.2046208
10.8	613	606.9230039
10.85	612	603.623421
10.9	597	600.3067514
10.95	570	596.9738742
11	586	593.6256686
11.05	574	577.5291177
11.1	591	575.3792092
11.15	592	573.2362169
11.2	594	571.1001096
11.25	591	568.9708559
11.3	585	566.8484247
11.35	587	564.7327845
11.4	585	562.6239042
11.45	578	560.5217524
11.5	569	558.4262978
11.55	565	556.3375092
11.6	567	554.2553552
11.65	562	552.1798046
11.7	561	550.110826
11.75	557	548.0483883
11.8	555	545.99246
11.85	553	543.94301
11.9	547	541.9000068
11.95	544	539.8634193
12	543	537.8332162
12.05	533	535.809366
12.1	529	533.7918377
12.15	526	531.7805998
12.2	521	529.7756211
12.25	517	527.7768703
12.3	517	525.7843161
12.35	516	523.7979272
12.4	514	521.8176723
12.45	512	519.8435202
12.5	508	517.8754395
12.55	507	515.913399
12.6	506	513.9573673
12.65	502	512.0073132
12.7	501	510.0632054
12.75	504	508.1250126
12.8	498	506.1927035
12.85	502	504.2662469
12.9	501	502.3456114
12.95	493	500.4307657
13	494	498.5216785
13.05	495	496.6183187
13.1	492	494.7206548
13.15	495	492.8286556
13.2	496	490.9422898
13.25	491	489.0615261
13.3	484	487.1863332
13.35	481	485.3166798
13.4	475	483.4525347
13.45	473	481.5938665
13.5	472	479.740644
13.55	471	477.8928359
13.6	468	476.0504108
13.65	462	474.2133376
13.7	461	472.3815848
13.75	458	470.5551213
13.8	459	468.7339157
13.85	461	466.9179367
13.9	462	465.107153
13.95	461	463.3015335
14	462	461.5010467
14.05	465	459.7056613
14.1	451	457.9153462
14.15	443	456.1300699
14.2	438	454.3498013
14.25	441	452.574509
14.3	439	450.8041617
14.35	433	449.0387282
14.4	431	447.2781771
14.45	432	445.5224772
14.5	429	443.7715972
14.55	428	442.0255057
14.6	426	440.2841716
14.65	423	438.5475634
14.7	422	436.81565
14.75	421	435.0884
14.8	420	433.3657821
14.85	420	431.6477651
14.9	420	429.9343176
14.95	418	428.2254085
15	416	426.5210063
15.05	415	424.8210797
15.1	411	423.1255976
15.15	413	421.4345287
15.2	415	419.7478415
15.25	418	418.0655049
15.3	415	416.3874875
15.35	413	414.7137581
15.4	413	413.0442853
15.45	413	411.3790379
15.5	413	409.7179846
15.55	412	408.0610942
15.6	413	406.4083352
15.65	410	404.7596764
15.7	408	403.1150866
15.75	406	401.4745344
15.8	400	399.8379886
15.85	401	398.2054178
15.9	397	396.5767909
15.95	392	394.9520764
16	392	393.3312431
16.05	389	391.7142597
16.1	390	390.1010949
16.15	393	388.4917174
16.2	393	386.886096
16.25	389	385.2841994
16.3	386	383.6859962
16.35	382	382.0914551
16.4	382	380.500545
16.45	381	378.9132345
16.5	375	377.3294922
16.55	370	375.749287
16.6	368	374.1725875
16.65	367	372.5993624
16.7	365	371.0295805
16.75	364	369.4632104
16.8	363	367.9002209
16.85	365	366.3405807
16.9	366	364.7842585
16.95	365	363.2312229
17	365	361.6814428
17.05	365	360.1348868
17.1	361	358.5915237
17.15	359	357.051322
17.2	358	355.5142507
17.25	356	353.9802783
17.3	355	352.4493735
17.35	350	350.9215052
17.4	348	349.3966419
17.45	347	347.8747525
17.5	348	346.3558056
17.55	349	344.8397699
17.6	348	343.3266141
17.65	346	341.816307
17.7	346	340.3088173
17.75	344	338.8041136
17.8	340	337.3021648
17.85	339	335.8029394
17.9	341	334.3064062
17.95	343	332.8125339
18	343	331.3212913
18.05	339	329.8326469
18.1	337	328.3465697
18.15	334	326.8630282
18.2	331	325.3819911
18.25	329	323.9034273
18.3	327	322.4273053
18.35	326	320.9535939
18.4	324	319.4822619
18.45	323	318.0132778
18.5	323	316.5466105
18.55	322	315.0822287
18.6	321	313.620101
18.65	320	312.1601961
18.7	317	310.7024828
18.75	316	309.2469299
18.8	317	307.7935059
18.85	315	306.3421796
18.9	316	304.8929197
18.95	314	303.445695
19	310	302.0004741
19.05	310	300.5572258
19.1	310	299.1159187
19.15	306	297.6765216
19.2	304	296.2390032
19.25	304	294.8033321
19.3	302	293.3694772
19.35	298	291.9374071
19.4	297	290.5070905
19.45	296	289.0784962
19.5	297	287.6515928
19.55	293	286.226349
19.6	291	284.8027336
19.65	292	283.3807153
19.7	286	281.9602628
19.75	286	280.5413448
19.8	284	279.12393
19.85	282	277.7079871
19.9	280	276.2934849
19.95	279	274.880392
20	278	273.4686771
20.05	277	272.0583091
20.1	278	270.6492565
20.15	275	269.241488
20.2	275	267.8349725
20.25	273	266.4296786
20.3	271	265.025575
20.35	269	263.6226304
20.4	266	262.2208136
20.45	264	260.8200932
20.5	263	259.420438
20.55	262	258.0218167
20.6	261	256.6241979
20.65	260	255.2275504
20.7	259	253.831843
20.75	259	252.4370442
20.8	255	251.0431229
20.85	252	249.6500477
20.9	251	248.2577874
20.95	251	246.8663106
21	249	245.4755861
21.05	247	244.0855825
21.1	245	242.6962687
21.15	243	241.3076132
21.2	242	239.9195849
21.25	241	238.5321524
21.3	240	237.1452844
21.35	238	235.7589497
21.4	237	234.3731169
21.45	235	232.9877548
21.5	230	231.602832
21.55	228	230.2183174
21.6	226	228.8341795
21.65	224	227.4503872
21.7	222	226.066909
21.75	222	224.6837138
21.8	221	223.3007703
21.85	219	221.9180471
21.9	217	220.5355129
21.95	215	219.1531365
22	214	217.7708866
22.05	215	216.3887319
22.1	212	215.0066411
22.15	211	213.6245829
22.2	210	212.2425261
22.25	208	210.8604393
22.3	205	209.4782912
22.35	206	208.0960506
22.4	203	206.7136861
22.45	203	205.3311666
22.5	202	203.9484606
22.55	202	202.5655369
22.6	199	201.1823642
22.65	198	199.7989113
22.7	197	198.4151468
22.75	195	197.0310394
22.8	193	195.6465579
22.85	191	194.2616709
22.9	191	192.8763473
22.95	190	191.4905556
23	188	190.1042646
23.05	187	188.717443
23.1	188	187.3300595
23.15	185	185.9420829
23.2	184	184.5534818
23.25	181	183.1642249
23.3	179	181.7742811
23.35	177	180.3836188
23.4	176	178.992207
23.45	178	177.6000143
23.5	174	176.2070094
23.55	172	174.8131609
23.6	172	173.4184377
23.65	169	172.0228085
23.7	171	170.6262419
23.75	169	169.2287066
23.8	168	167.8301715
23.85	164	166.430605
23.9	164	165.0299761
23.95	161	163.6282534
24	160	162.2254056
24.05	159	160.8214014
24.1	157	159.4162096
24.15	155	158.0097988
24.2	153	156.6021378
24.25	152	155.1931952
24.3	151	153.7829398
24.35	150	152.3713402
24.4	149	150.9583653
24.45	146	149.5439837
24.5	145	148.1281641
24.55	144	146.7108752
24.6	142	145.2920858
24.65	140	143.8717645
24.7	140	142.4498801
24.75	138	141.0264013
24.8	136	139.6012967
24.85	136	138.1745352
24.9	134	136.7460853
24.95	133	135.3159158
25	131	133.8839955
25.05	132	132.450293
25.1	130	131.0147771
25.15	129	129.5774164
25.2	127	128.1381797
25.25	125	126.6970357
25.3	122	125.253953
25.35	122	123.8089005
25.4	119	122.3618468
25.45	119	120.9127606
25.5	117	119.4616106
25.55	115	118.0083656
25.6	117	116.5529942
25.65	114	115.0954652
25.7	114	113.6357472
25.75	113	112.1738091
25.8	111	110.7096194
25.85	109	109.243147
25.9	108	107.7743605
25.95	106	106.3032286
26	103	104.82972
26.05	100	103.3538035
26.1	99	101.8754478
26.15	98	100.3946215
26.2	96	98.91129341
26.25	95	97.42543221
26.3	93	95.93700662
26.35	92	94.44598535
26.4	91	92.9523371
26.45	88	91.45603059
26.5	87	89.95703452
26.55	87	88.45531762
26.6	85	86.95084858
26.65	80	85.44359612
26.7	84	83.93352895
26.75	82	82.42061578
26.8	80	80.90482533
26.85	77	79.38612629
26.9	76	77.86448739
26.95	73	76.33987733
27	69	74.81226483
27.05	67	73.28161859
27.1	65	71.74790733
27.15	64	70.21109976
27.2	62	68.67116458
27.25	61	67.12807051
27.3	60	65.58178626
27.35	59	64.03228053
27.4	59	62.47952205
27.45	56	60.92347952
27.5	55	59.36412165
27.55	53	57.80141716
27.6	52	56.23533474
27.65	51	54.66584312
27.7	49	53.09291101
27.75	47	51.51650711
27.8	45	49.93660013
27.85	43	48.35315879
27.9	40	46.7661518
27.95	38	45.17554787
28	38	43.58131571
28.05	40	41.98342402
28.1	43	40.38184153
28.15	41	38.77653694
28.2	39	37.16747896
28.25	38	35.5546363
28.3	33	33.93797767
28.35	28	32.31747179
28.4	33	30.69308736
28.45	30	29.0647931
28.5	27	27.43255771
28.55	25	25.79634991
28.6	24	24.15613841
28.65	27	22.51189192
28.7	26	20.86357914
28.75	25	19.2111688
28.8	21	17.55462959
28.85	20	15.89393024
28.9	19	14.22903944
28.95	17	12.55992592
29	16	10.88655839
29.05	16	9.208905543
29.1	14	7.526936104
29.15	11	5.840618781
29.2	8	4.149922283
29.25	7	2.454815322
29.3	5	0.755266609
29.35	7	-0.9487551462
29.4	5	-2.657281233
29.45	5	-4.370342939
29.5	3	-6.087971556
29.55	2	-7.810198371
29.6	7	-9.537054675