Time	Actual	Regression Fit
0.2	6	4.313990222
0.25	5	5.104829031
0.3	4	6.384212448
0.35	6	8.149981101
0.4	10	10.39997562
0.45	10	13.13203662
0.5	15	16.34400475
0.55	20	20.03372062
0.6	24	24.19902487
0.65	29	28.83775812
0.7	35	33.94776101
0.75	38	39.52687415
0.8	42	45.57293817
0.85	49	52.08379372
0.9	56	59.0572814
0.95	64	66.49124185
1	73	74.38351571
1.05	82	82.73194359
1.1	93	91.53436612
1.15	104	100.7886239
1.2	115	110.4925577
1.25	129	120.6440079
1.3	141	131.2408153
1.35	154	142.2808206
1.4	167	153.7618642
1.45	177	165.6817869
1.5	188	178.0384293
1.55	197	190.8296319
1.6	209	204.0532355
1.65	218	217.7070807
1.7	230	231.7890081
1.75	242	246.2968582
1.8	254	261.2284719
1.85	267	276.5816895
1.9	283	292.3543519
1.95	298	308.5442997
2	313	325.1493733
2.05	333	342.1674136
2.1	352	359.5962611
2.15	372	377.4337564
2.2	391	395.6777401
2.25	411	414.326053
2.3	432	433.3765356
2.35	450	452.8270286
2.4	471	472.6753725
2.45	490	492.919408
2.5	510	513.5569758
2.55	533	534.5859164
2.6	553	556.0040705
2.65	577	577.8092788
2.7	600	599.9993818
2.75	625	622.5722201
2.8	650	645.5256345
2.85	673	668.8574655
2.9	697	692.5655538
2.95	722	716.6477399
3	744	741.1018645
3.05	769	765.9257683
3.1	794	791.1172919
3.15	821	816.6742759
3.2	847	842.5945609
3.25	874	868.8759875
3.3	901	895.5163964
3.35	937	922.5136283
3.4	971	949.8655236
3.45	984	977.5699232
3.5	1003	1005.624667
3.55	1021	1034.027597
3.6	1028	1062.776553
3.65	1036	995.4457869
3.7	1043	1022.142795
3.75	1055	1048.714624
3.8	1075	1075.161491
3.85	1098	1101.483616
3.9	1123	1127.681216
3.95	1151	1153.75451
4	1180	1179.703715
4.05	1203	1205.52905
4.1	1228	1231.230734
4.15	1253	1256.808983
4.2	1277	1282.264018
4.25	1302	1307.596055
4.3	1328	1332.805314
4.35	1352	1357.892011
4.4	1380	1382.856367
4.45	1406	1407.698598
4.5	1429	1432.418923
4.55	1454	1457.01756
4.6	1477	1481.494727
4.65	1502	1505.850644
4.7	1526	1530.085527
4.75	1551	1554.199595
4.8	1575	1578.193066
4.85	1597	1602.066159
4.9	1621	1625.819092
4.95	1644	1649.452082
5	1667	1672.965349
5.05	1691	1696.35911
5.1	1716	1719.633584
5.15	1737	1742.788989
5.2	1761	1765.825543
5.25	1785	1788.743464
5.3	1808	1811.54297
5.35	1831	1834.224281
5.4	1855	1856.787613
5.45	1878	1879.233186
5.5	1901	1901.561216
5.55	1924	1923.771924
5.6	1944	1945.865526
5.65	1963	1967.842242
5.7	1985	1989.702288
5.75	2007	2011.445885
5.8	2029	2033.073249
5.85	2051	2054.584599
5.9	2073	2075.980153
5.95	2096	2097.260129
6	2118	2118.424746
6.05	2142	2139.474222
6.1	2167	2160.408775
6.15	2182	2181.228624
6.2	2199	2201.933986
6.25	2221	2222.525079
6.3	2241	2243.002123
6.35	2262	2263.365335
6.4	2282	2283.614933
6.45	2307	2303.751135
6.5	2327	2323.774161
6.55	2348	2343.684228
6.6	2367	2363.481554
6.65	2388	2383.166357
6.7	2410	2402.738856
6.75	2429	2422.199269
6.8	2446	2441.547815
6.85	2464	2460.784711
6.9	2485	2479.910175
6.95	2507	2498.924426
7	2529	2517.827682
7.05	2545	2536.620162
7.1	2562	2555.302083
7.15	2581	2573.873664
7.2	2600	2592.335122
7.25	2616	2610.686677
7.3	2631	2628.928547
7.35	2647	2647.060949
7.4	2666	2665.084101
7.45	2684	2682.998223
7.5	2702	2700.803532
7.55	2720	2718.500247
7.6	2738	2736.088585
7.65	2756	2753.568765
7.7	2774	2770.941006
7.75	2794	2788.205525
7.8	2810	2805.36254
7.85	2828	2822.41227
7.9	2843	2839.354934
7.95	2858	2856.190748
8	2873	2872.919933
8.05	2890	2889.542704
8.1	2906	2906.059282
8.15	2922	2922.469884
8.2	2940	2938.774729
8.25	2956	2954.974034
8.3	2972	2971.068017
8.35	2988	2987.056898
8.4	3004	3002.940894
8.45	3021	3018.720224
8.5	3038	3034.395105
8.55	3053	3049.965757
8.6	3068	3065.432396
8.65	3083	3080.795242
8.7	3097	3096.054513
8.75	3112	3111.210426
8.8	3127	3126.2632
8.85	3140	3141.213054
8.9	3156	3156.060205
8.95	3170	3170.804872
9	3183	3185.447273
9.05	3199	3199.987626
9.1	3213	3214.426149
9.15	3226	3228.763061
9.2	3242	3242.99858
9.25	3257	3257.132924
9.3	3271	3271.166311
9.35	3286	3285.098959
9.4	3300	3298.931088
9.45	3313	3312.662914
9.5	3328	3326.294656
9.55	3340	3339.826533
9.6	3353	3353.258763
9.65	3367	3366.591563
9.7	3380	3379.825152
9.75	3393	3392.959749
9.8	3406	3405.995571
9.85	3418	3418.932837
9.9	3430	3431.771764
9.95	3442	3444.512572
10	3452	3457.155478
10.05	3464	3469.700701
10.1	3476	3482.148459
10.15	3489	3494.49897
10.2	3503	3506.752452
10.25	3515	3518.909123
10.3	3526	3530.969202
10.35	3539	3542.932908
10.4	3552	3554.800457
10.45	3565	3566.572069
10.5	3577	3578.247961
10.55	3589	3589.828352
10.6	3601	3601.31346
10.65	3612	3612.703503
10.7	3625	3623.9987
10.75	3635	3635.199269
10.8	3646	3646.305428
10.85	3657	3657.317394
10.9	3668	3668.235387
10.95	3677	3679.059625
11	3688	3689.790325
11.05	3698	3700.427707
11.1	3708	3710.971988
11.15	3719	3721.423386
11.2	3730	3731.78212
11.25	3738	3742.048408
11.3	3750	3752.222468
11.35	3760	3762.304518
11.4	3770	3772.294778
11.45	3780	3782.193463
11.5	3789	3792.000794
11.55	3800	3801.716988
11.6	3809	3811.342264
11.65	3819	3820.876839
11.7	3829	3830.320933
11.75	3838	3839.674762
11.8	3848	3848.938546
11.85	3857	3858.112502
11.9	3866	3867.19685
11.95	3874	3876.191806
12	3884	3885.097589
12.05	3892	3893.914418
12.1	3901	3902.642511
12.15	3910	3911.282086
12.2	3918	3919.83336
12.25	3927	3928.296553
12.3	3936	3936.671883
12.35	3944	3944.959568
12.4	3953	3953.159825
12.45	3961	3961.272874
12.5	3968	3969.298932
12.55	3977	3977.238218
12.6	3985	3985.09095
12.65	3992	3992.857346
12.7	4000	4000.537625
12.75	4008	4008.132004
12.8	4016	4015.640702
12.85	4023	4023.063937
12.9	4030	4030.401927
12.95	4037	4037.65489
13	4046	4044.823046
13.05	4052	4051.906611
13.1	4059	4058.905804
13.15	4066	4065.820844
13.2	4073	4072.651948
13.25	4080	4079.399335
13.3	4086	4086.063224
13.35	4094	4092.643831
13.4	4100	4099.141376
13.45	4106	4105.556076
13.5	4113	4111.888151
13.55	4119	4118.137818
13.6	4125	4124.305295
13.65	4132	4130.3908
13.7	4137	4136.394552
13.75	4144	4142.31677
13.8	4149	4148.157671
13.85	4155	4153.917473
13.9	4160	4159.596395
13.95	4166	4165.194654
14	4172	4170.71247
14.05	4177	4176.15006
14.1	4183	4181.507643
14.15	4188	4186.785437
14.2	4193	4191.983659
14.25	4198	4197.102529
14.3	4203	4202.142265
14.35	4209	4207.103084
14.4	4213	4211.985205
14.45	4218	4216.788846
14.5	4223	4221.514225
14.55	4228	4226.161561
14.6	4232	4230.731072
14.65	4236	4235.222976
14.7	4241	4239.637491
14.75	4245	4243.974836
14.8	4251	4248.235228
14.85	4254	4252.418886
14.9	4258	4256.526029
14.95	4262	4260.556873
15	4267	4264.511638
15.05	4270	4268.390542
15.1	4274	4272.193804
15.15	4278	4275.92164
15.2	4282	4279.57427
15.25	4285	4283.151911
15.3	4289	4286.654782
15.35	4292	4290.083102
15.4	4295	4293.437088
15.45	4299	4296.716958
15.5	4301	4299.922931
15.55	4304	4303.055226
15.6	4309	4306.114059
15.65	4310	4309.09965
15.7	4312	4312.012217
15.75	4316	4314.851977
15.8	4319	4317.61915
15.85	4322	4320.313953
15.9	4324	4322.936604
15.95	4326	4325.487323
16	4330	4327.966326
16.05	4330	4330.373833
16.1	4334	4332.710061
16.15	4336	4334.975229
16.2	4337	4337.169554
16.25	4339	4339.293256
16.3	4341	4341.346552
16.35	4343	4343.329661
16.4	4344	4345.2428
16.45	4346	4347.086189
16.5	4348	4348.860045
16.55	4349	4350.564586
16.6	4351	4352.200031
16.65	4352	4353.766598
16.7	4353	4355.264504
16.75	4354	4356.69397
16.8	4357	4358.055212
16.85	4357	4359.348448
16.9	4358	4360.573898
16.95	4359	4361.731779
17	4360	4362.822309
17.05	4361	4363.845707
17.1	4362	4364.802191
17.15	4361	4415.880088
17.2	4317	4413.865929
17.25	3320	4411.840287
17.3	4234	4409.803181
17.35	4382	4407.754631
17.4	4378	4405.694656
17.45	4377	4403.623275
17.5	4378	4401.540509
17.55	4378	4399.446376
17.6	4378	4397.340897
17.65	4378	4395.22409
17.7	4377	4393.095976
17.75	4377	4390.956574
17.8	4377	4388.805904
17.85	4378	4386.643985
17.9	4377	4384.470836
17.95	4377	4382.286477
18	4375	4380.090929
18.05	4374	4377.884209
18.1	4372	4375.666339
18.15	4369	4373.437337
18.2	4369	4371.197223
18.25	4368	4368.946016
18.3	4362	4366.683737
18.35	4372	4364.410404
18.4	4378	4362.126038
18.45	4390	4359.830657
18.5	4370	4357.524281
18.55	4357	4355.206931
18.6	4361	4352.878624
18.65	4364	4350.539382
18.7	4370	4348.189224
18.75	4373	4345.828168
18.8	4381	4343.456235
18.85	4376	4341.073444
18.9	4374	4338.679815
18.95	4371	4336.275368
19	4371	4333.860121
19.05	4368	4331.434094
19.1	4368	4328.997308
19.15	4366	4326.549781
19.2	4366	4324.091533
19.25	4366	4321.622584
19.3	4361	4319.142953
19.35	4361	4316.65266
19.4	4357	4314.151724
19.45	4358	4311.640165
19.5	4359	4309.118002
19.55	4356	4306.585255
19.6	4355	4304.041944
19.65	4350	4301.488088
19.7	4345	4298.923707
19.75	4346	4296.34882
19.8	4344	4293.763446
19.85	4339	4291.167606
19.9	4334	4288.561318
19.95	4328	4285.944603
20	4323	4283.31748
20.05	4318	4280.679969
20.1	4315	4278.032088
20.15	4309	4275.373859
20.2	4310	4272.705299
20.25	4308	4270.026429
20.3	4299	4267.337269
20.35	4296	4264.637837
20.4	4293	4261.928153
20.45	4290	4259.208238
20.5	4290	4256.47811
20.55	4284	4253.737789
20.6	4286	4250.987295
20.65	4277	4248.226647
20.7	4275	4245.455865
20.75	4274	4242.674968
20.8	4268	4239.883976
20.85	4260	4237.082908
20.9	4257	4234.271784
20.95	4252	4231.450624
21	4251	4228.619446
21.05	4249	4225.778272
21.1	4247	4222.927119
21.15	4247	4220.066008
21.2	4247	4217.194959
21.25	4248	4214.31399
21.3	4248	4211.423122
21.35	4244	4208.522374
21.4	4253	4205.611765
21.45	4251	4202.691315
21.5	4246	4199.761044
21.55	4246	4196.820971
21.6	4247	4193.871116
21.65	4242	4190.911498
21.7	4236	4187.942136
21.75	4228	4184.963052
21.8	4225	4181.974263
21.85	4230	4178.975789
21.9	4227	4175.967651
21.95	4211	4172.949867
22	4196	4169.922458
22.05	4193	4166.885442
22.1	4197	4163.838839
22.15	4192	4160.782669
22.2	4184	4157.716952
22.25	4173	4154.641706
22.3	4168	4151.556952
22.35	4161	4148.462709
22.4	4150	4145.358997
22.45	4144	4142.245835
22.5	4139	4139.123242
22.55	4134	4135.991239
22.6	4134	4132.849844
22.65	4137	4129.699078
22.7	4138	4126.53896
22.75	4145	4123.369509
22.8	4145	4120.190746
22.85	4146	4117.002689
22.9	4132	4113.805358
22.95	4134	4110.598772
23	4130	4107.382952
23.05	4129	4104.157917
23.1	4114	4100.923686
23.15	4106	4097.680279
23.2	4097	4094.427716
23.25	4082	4091.166016
23.3	4076	4087.895198
23.35	4078	4084.615282
23.4	4091	4081.326288
23.45	4084	4078.028235
23.5	4075	4074.721143
23.55	4074	4071.405032
23.6	4072	4068.07992
23.65	4080	4064.745828
23.7	4077	4061.402774
23.75	4076	4058.05078
23.8	4071	4054.689863
23.85	4069	4051.320044
23.9	4068	4047.941343
23.95	4062	4044.553778
24	4053	4041.15737
24.05	4047	4037.752137
24.1	4039	4034.3381
24.15	4030	4030.915278
24.2	4029	4027.48369
24.25	4032	4024.043357
24.3	4019	4020.594297
24.35	4017	4017.136531
24.4	4028	4013.670077
24.45	4017	4010.194956
24.5	4013	4006.711186
24.55	4001	4003.218788
24.6	3997	3999.717781
24.65	3985	3996.208185
24.7	3985	3992.690018
24.75	3983	3989.163302
24.8	3972	3985.628054
24.85	3969	3982.084296
24.9	3964	3978.532045
24.95	3961	3974.971323
25	3964	3971.402148
25.05	3958	3967.82454
25.1	3954	3964.238518
25.15	3951	3960.644103
25.2	3948	3957.041314
25.25	3949	3953.430169
25.3	3938	3949.810689
25.35	3938	3946.182894
25.4	3940	3942.546803
25.45	3943	3938.902435
25.5	3936	3935.24981
25.55	3930	3931.588947
25.6	3920	3927.919867
25.65	3912	3924.242588
25.7	3908	3920.557131
25.75	3904	3916.863514
25.8	3906	3913.161757
25.85	3900	3909.451881
25.9	3893	3905.733904
25.95	3889	3902.007846
26	3885	3898.273726
26.05	3875	3894.531565
26.1	3866	3890.781381
26.15	3862	3887.023194
26.2	3857	3883.257024
26.25	3857	3879.482891
26.3	3854	3875.700813
26.35	3861	3871.910811
26.4	3850	3868.112903
26.45	3842	3864.307111
26.5	3842	3860.493452
26.55	3849	3856.671947
26.6	3846	3852.842615
26.65	3847	3849.005476
26.7	3841	3845.160549
26.75	3834	3841.307855
26.8	3833	3837.447411
26.85	3824	3833.579239
26.9	3821	3829.703357
26.95	3815	3825.819785
27	3810	3821.928543
27.05	3809	3818.02965
27.1	3805	3814.123125
27.15	3796	3810.208989
27.2	3788	3806.287261
27.25	3771	3802.35796
27.3	3764	3798.421107
27.35	3761	3794.476719
27.4	3758	3790.524818
27.45	3750	3786.565423
27.5	3754	3782.598552
27.55	3750	3778.624227
27.6	3742	3774.642466
27.65	3742	3770.653288
27.7	3743	3766.656714
27.75	3737	3762.652763
27.8	3732	3758.641454
27.85	3734	3754.622808
27.9	3733	3750.596843
27.95	3736	3746.563579
28	3737	3742.523036
28.05	3732	3738.475234
28.1	3725	3734.420191
28.15	3723	3730.357927
28.2	3716	3726.288463
28.25	3708	3722.211817
28.3	3699	3718.128009
28.35	3689	3714.037059
28.4	3692	3709.938986
28.45	3687	3705.833809
28.5	3681	3701.721549
28.55	3670	3697.602225
28.6	3660	3693.475856
28.65	3656	3689.342462
28.7	3644	3685.202063
28.75	3641	3681.054677
28.8	3647	3676.900326
28.85	3642	3672.739027
28.9	3638	3668.570801
28.95	3639	3664.395668
29	3636	3660.213646
29.05	3641	3656.024756
29.1	3641	3651.829016
29.15	3638	3647.626447
29.2	3631	3643.417068
29.25	3627	3639.200899
29.3	3625	3634.977959
29.35	3616	3630.748268
29.4	3608	3626.511844
29.45	3604	3622.268709
29.5	3604	3618.018881
29.55	3597	3613.76238
29.6	3591	3609.499226
29.65	3582	3605.229437
29.7	3573	3600.953034
29.75	3569	3596.670037
29.8	3564	3592.380464
29.85	3558	3588.084335
29.9	3560	3583.78167
29.95	3549	3579.472489
30	3545	3575.15681
30.05	3541	3570.834654
30.1	3540	3566.50604
30.15	3542	3562.170987
30.2	3541	3557.829516
30.25	3533	3553.481645
30.3	3527	3549.127395
30.35	3530	3544.766784
30.4	3533	3540.399833
30.45	3527	3536.026561
30.5	3521	3531.646987
30.55	3512	3527.261131
30.6	3512	3522.869013
30.65	3506	3518.470652
30.7	3504	3514.066068
30.75	3504	3509.65528
30.8	3496	3505.238307
30.85	3486	3500.81517
30.9	3470	3496.385888
30.95	3470	3491.950481
31	3460	3487.508967
31.05	3461	3483.061367
31.1	3465	3478.6077
31.15	3465	3474.147986
31.2	3461	3469.682244
31.25	3461	3465.210494
31.3	3460	3460.732756
31.35	3449	3456.249048
31.4	3439	3451.75939
31.45	3435	3447.263803
31.5	3426	3442.762305
31.55	3424	3438.254917
31.6	3416	3433.741657
31.65	3407	3429.222545
31.7	3400	3424.697601
31.75	3394	3420.166845
31.8	3388	3415.630295
31.85	3387	3411.087972
31.9	3390	3406.539894
31.95	3391	3401.986083
32	3387	3397.426556
32.05	3376	3392.861334
32.1	3376	3388.290437
32.15	3369	3383.713883
32.2	3364	3379.131693
32.25	3357	3374.543885
32.3	3356	3369.95048
32.35	3354	3365.351497
32.4	3347	3360.746955
32.45	3348	3356.136875
32.5	3348	3351.521275
32.55	3352	3346.900175
32.6	3349	3342.273596
32.65	3344	3337.641555
32.7	3336	3333.004074
32.75	3333	3328.36117
32.8	3332	3323.712865
32.85	3327	3319.059178
32.9	3322	3314.400127
32.95	3320	3309.735734
33	3314	3305.066016
33.05	3312	3300.390994
33.1	3303	3295.710688
33.15	3299	3291.025116
33.2	3297	3286.334299
33.25	3293	3281.638256
33.3	3287	3276.937006
33.35	3276	3272.23057
33.4	3269	3267.518966
33.45	3264	3262.802214
33.5	3256	3258.080334
33.55	3250	3253.353346
33.6	3244	3248.621268
33.65	3241	3243.884121
33.7	3229	3239.141924
33.75	3222	3234.394696
33.8	3220	3229.642457
33.85	3224	3224.885227
33.9	3226	3220.123026
33.95	3229	3215.355872
34	3232	3210.583785
34.05	3235	3205.806785
34.1	3231	3201.024892
34.15	3227	3196.238124
34.2	3220	3191.446502
34.25	3210	3186.650046
34.3	3201	3181.848773
34.35	3194	3177.042705
34.4	3186	3172.231861
34.45	3180	3167.41626
34.5	3173	3162.595922
34.55	3165	3157.770867
34.6	3160	3152.941113
34.65	3152	3148.106681
34.7	3147	3143.26759
34.75	3145	3138.42386
34.8	3143	3133.575509
34.85	3140	3128.722559
34.9	3137	3123.865028
34.95	3135	3119.002936
35	3133	3114.136302
35.05	3130	3109.265146
35.1	3125	3104.389487
35.15	3120	3099.509346
35.2	3113	3094.624741
35.25	3105	3089.735693
35.3	3098	3084.84222
35.35	3091	3079.944343
35.4	3084	3075.04208
35.45	3076	3070.135452
35.5	3071	3065.224478
35.55	3065	3060.309177
35.6	3060	3055.389569
35.65	3057	3050.465674
35.7	3054	3045.537511
35.75	3050	3040.6051
35.8	3049	3035.66846
35.85	3046	3030.727611
35.9	3043	3025.782573
35.95	3028	3020.833364
36	3024	3015.880005
36.05	3018	3010.922515
36.1	3012	3005.960914
36.15	3006	3000.99522
36.2	3000	2996.025455
36.25	3000	2991.051637
36.3	3004	2986.073785
36.35	3001	2981.09192
36.4	2993	2976.106061
36.45	2991	2971.116227
36.5	2985	2966.122439
36.55	2983	2961.124715
36.6	2988	2956.123075
36.65	2987	2951.117539
36.7	2974	2946.108126
36.75	2964	2941.094857
36.8	2957	2936.077749
36.85	2950	2931.056823
36.9	2944	2926.032099
36.95	2938	2921.003596
37	2929	2915.971334
37.05	2923	2910.935332
37.1	2917	2905.895609
37.15	2912	2900.852186
37.2	2910	2895.805081
37.25	2904	2890.754315
37.3	2907	2885.699907
37.35	2903	2880.641876
37.4	2897	2875.580243
37.45	2890	2870.515026
37.5	2883	2865.446245
37.55	2879	2860.37392
37.6	2869	2855.29807
37.65	2861	2850.218715
37.7	2854	2845.135874
37.75	2849	2840.049567
37.8	2844	2834.959814
37.85	2841	2829.866633
37.9	2836	2824.770046
37.95	2831	2819.67007
38	2824	2814.566726
38.05	2816	2809.460034
38.1	2809	2804.350012
38.15	2804	2799.236681
38.2	2798	2794.120059
38.25	2791	2789.000167
38.3	2785	2783.877024
38.35	2780	2778.75065
38.4	2775	2773.621064
38.45	2773	2768.488285
38.5	2771	2763.352334
38.55	2768	2758.213229
38.6	2760	2753.070991
38.65	2754	2747.925639
38.7	2745	2742.777192
38.75	2738	2737.625671
38.8	2732	2732.471093
38.85	2727	2727.31348
38.9	2722	2722.152851
38.95	2718	2716.989225
39	2718	2711.822622
39.05	2712	2706.653061
39.1	2706	2701.480562
39.15	2702	2696.305144
39.2	2698	2691.126828
39.25	2691	2685.945632
39.3	2685	2680.761576
39.35	2677	2675.57468
39.4	2671	2670.384963
39.45	2669	2665.192445
39.5	2663	2659.997145
39.55	2662	2654.799083
39.6	2656	2649.598279
39.65	2650	2644.394751
39.7	2644	2639.18852
39.75	2638	2633.979606
39.8	2629	2628.768027
39.85	2621	2623.553803
39.9	2614	2618.336954
39.95	2610	2613.117499
40	2608	2607.895458
40.05	2602	2602.670851
40.1	2599	2597.443697
40.15	2594	2592.214015
40.2	2589	2586.981825
40.25	2583	2581.747147
40.3	2576	2576.51
40.35	2566	2571.270404
40.4	2559	2566.028379
40.45	2558	2560.783943
40.5	2553	2555.537117
40.55	2547	2550.287919
40.6	2540	2545.036371
40.65	2537	2539.78249
40.7	2534	2534.526297
40.75	2532	2529.267811
40.8	2529	2524.007052
40.85	2521	2518.744039
40.9	2513	2513.478793
40.95	2507	2508.211331
41	2503	2502.941675
41.05	2499	2497.669843
41.1	2492	2492.395855
41.15	2485	2487.119731
41.2	2477	2481.84149
41.25	2469	2476.561152
41.3	2466	2471.278737
41.35	2459	2465.994263
41.4	2454	2460.70775
41.45	2450	2455.419219
41.5	2443	2450.128688
41.55	2437	2444.836177
41.6	2432	2439.541706
41.65	2430	2434.245294
41.7	2429	2428.946961
41.75	2415	2423.646726
41.8	2408	2418.344609
41.85	2418	2413.040629
41.9	2415	2407.734806
41.95	2398	2402.42716
42	2388	2397.11771
42.05	2380	2391.806476
42.1	2377	2386.493477
42.15	2375	2381.178732
42.2	2366	2375.862262
42.25	2359	2370.544086
42.3	2353	2365.224223
42.35	2353	2359.902693
42.4	2353	2354.579516
42.45	2346	2349.254711
42.5	2342	2343.928297
42.55	2333	2338.600295
42.6	2324	2333.270723
42.65	2321	2327.939601
42.7	2314	2322.60695
42.75	2312	2317.272788
42.8	2304	2311.937135
42.85	2297	2306.60001
42.9	2289	2301.261434
42.95	2284	2295.921425
43	2278	2290.580003
43.05	2273	2285.237188
43.1	2268	2279.892999
43.15	2263	2274.547456
43.2	2259	2269.200579
43.25	2255	2263.852386
43.3	2248	2258.502898
43.35	2241	2253.152135
43.4	2235	2247.800114
43.45	2229	2242.446857
43.5	2225	2237.092383
43.55	2221	2231.736711
43.6	2219	2226.37986
43.65	2219	2221.021852
43.7	2213	2215.662704
43.75	2212	2210.302436
43.8	2206	2204.941069
43.85	2202	2199.578621
43.9	2192	2194.215113
43.95	2185	2188.850563
44	2178	2183.484992
44.05	2171	2178.118418
44.1	2167	2172.750862
44.15	2158	2167.382342
44.2	2153	2162.012879
44.25	2146	2156.642493
44.3	2143	2151.271201
44.35	2141	2145.899025
44.4	2136	2140.525984
44.45	2133	2135.152097
44.5	2124	2129.777384
44.55	2119	2124.401864
44.6	2110	2119.025557
44.65	2102	2113.648483
44.7	2099	2108.270661
44.75	2099	2102.89211
44.8	2092	2097.51285
44.85	2086	2092.132902
44.9	2079	2086.752283
44.95	2072	2081.371014
45	2067	2075.989115
45.05	2063	2070.606605
45.1	2057	2065.223503
45.15	2050	2059.839829
45.2	2045	2054.455602
45.25	2042	2049.070843
45.3	2038	2043.685571
45.35	2035	2038.299805
45.4	2028	2032.913564
45.45	2021	2027.526869
45.5	2014	2022.139739
45.55	2009	2016.752194
45.6	2008	2011.364252
45.65	2014	2005.975934
45.7	2006	2000.587259
45.75	2001	1995.198247
45.8	2001	1989.808918
45.85	1994	1984.419289
45.9	1994	1979.029383
45.95	1988	1973.639217
46	1981	1968.248812
46.05	1972	1962.858187
46.1	1967	1957.467361
46.15	1959	1952.076354
46.2	1950	1946.685187
46.25	1940	1941.293877
46.3	1931	1935.902445
46.35	1925	1930.510911
46.4	1923	1925.119293
46.45	1924	1919.727612
46.5	1918	1914.335887
46.55	1915	1908.944138
46.6	1909	1903.552384
46.65	1906	1898.160644
46.7	1904	1892.768939
46.75	1901	1887.377287
46.8	1905	1881.985709
46.85	1893	1876.594224
46.9	1883	1871.202851
46.95	1874	1865.81161
47	1863	1860.420521
47.05	1851	1855.029603
47.1	1846	1849.638875
47.15	1838	1844.248358
47.2	1833	1838.858071
47.25	1828	1833.468032
47.3	1822	1828.078263
47.35	1820	1822.688783
47.4	1815	1817.29961
47.45	1807	1811.910765
47.5	1800	1806.522267
47.55	1795	1801.134135
47.6	1790	1795.74639
47.65	1786	1790.359051
47.7	1785	1784.972137
47.75	1781	1779.585668
47.8	1777	1774.199663
47.85	1774	1768.814143
47.9	1768	1763.429126
47.95	1762	1758.044632
48	1756	1752.66068
48.05	1751	1747.277291
48.1	1744	1741.894484
48.15	1737	1736.512278
48.2	1732	1731.130693
48.25	1725	1725.749748
48.3	1721	1720.369464
48.35	1717	1714.989859
48.4	1713	1709.610953
48.45	1708	1704.232765
48.5	1703	1698.855316
48.55	1694	1693.478625
48.6	1687	1688.102711
48.65	1682	1682.727594
48.7	1676	1677.353293
48.75	1669	1671.979829
48.8	1667	1666.60722
48.85	1660	1661.235485
48.9	1653	1655.864646
48.95	1647	1650.494721
49	1642	1645.12573
49.05	1638	1639.757691
49.1	1635	1634.390626
49.15	1627	1629.024554
49.2	1622	1623.659493
49.25	1615	1618.295463
49.3	1611	1612.932485
49.35	1609	1607.570578
49.4	1605	1602.209761
49.45	1597	1596.850053
49.5	1590	1591.491475
49.55	1585	1586.134045
49.6	1580	1580.777784
49.65	1574	1575.422712
49.7	1568	1570.068846
49.75	1561	1564.716208
49.8	1557	1559.364816
49.85	1553	1554.014691
49.9	1551	1548.665851
49.95	1545	1543.318316
50	1539	1537.972107
50.05	1534	1532.627242
50.1	1529	1527.283741
50.15	1528	1521.941623
50.2	1522	1516.600908
50.25	1519	1511.261616
50.3	1509	1505.923767
50.35	1505	1500.587379
50.4	1502	1495.252472
50.45	1494	1489.919066
50.5	1491	1484.587181
50.55	1485	1479.256835
50.6	1479	1473.928049
50.65	1474	1468.600842
50.7	1469	1463.275234
50.75	1465	1457.951244
50.8	1460	1452.628892
50.85	1454	1447.308197
50.9	1444	1441.989179
50.95	1436	1436.671857
51	1431	1431.356251
51.05	1425	1426.042381
51.1	1420	1420.730265
51.15	1415	1415.419925
51.2	1411	1410.111378
51.25	1407	1404.804646
51.3	1404	1399.499746
51.35	1404	1394.1967
51.4	1398	1388.895526
51.45	1394	1383.596243
51.5	1386	1378.298873
51.55	1376	1373.003433
51.6	1369	1367.709944
51.65	1360	1362.418425
51.7	1353	1357.128896
51.75	1348	1351.841376
51.8	1345	1346.555885
51.85	1343	1341.272442
51.9	1345	1335.991068
51.95	1339	1330.711781
52	1338	1325.434601
52.05	1329	1320.159547
52.1	1320	1314.88664
52.15	1313	1309.615898
52.2	1306	1304.347342
52.25	1299	1299.08099
52.3	1293	1293.816863
52.35	1291	1288.55498
52.4	1288	1283.29536
52.45	1280	1278.038024
52.5	1279	1272.782989
52.55	1272	1267.530278
52.6	1266	1262.279907
52.65	1263	1257.031899
52.7	1258	1251.78627
52.75	1251	1246.543043
52.8	1246	1241.302235
52.85	1237	1236.063867
52.9	1232	1230.827957
52.95	1226	1225.594527
53	1218	1220.363594
53.05	1216	1215.13518
53.1	1215	1209.909302
53.15	1210	1204.685981
53.2	1210	1199.465237
53.25	1208	1194.247089
53.3	1202	1189.031556
53.35	1196	1183.818658
53.4	1187	1178.608414
53.45	1184	1173.400845
53.5	1176	1168.19597
53.55	1167	1162.993808
53.6	1162	1157.794378
53.65	1154	1152.597701
53.7	1148	1147.403796
53.75	1144	1142.212683
53.8	1139	1137.02438
53.85	1132	1131.838908
53.9	1130	1126.656286
53.95	1124	1121.476534
54	1116	1116.299671
54.05	1108	1111.125717
54.1	1104	1105.954691
54.15	1098	1100.786613
54.2	1092	1095.621503
54.25	1088	1090.459379
54.3	1085	1085.300263
54.35	1085	1080.144172
54.4	1082	1074.991127
54.45	1076	1069.841147
54.5	1075	1064.694252
54.55	1067	1059.550462
54.6	1058	1054.409795
54.65	1054	1049.272272
54.7	1045	1044.137912
54.75	1041	1039.006734
54.8	1031	1033.878759
54.85	1025	1028.754005
54.9	1017	1023.632492
54.95	1007	1018.514241
55	1004	1013.399269
55.05	1001	1008.287598
55.1	1000	1003.179245
55.15	1006	998.0742324
55.2	998	992.9725779
55.25	1003	987.8743015
55.3	995	982.7794228
55.35	991	977.6879613
55.4	986	972.5999367
55.45	978	967.5153683
55.5	975	962.4342758
55.55	963	957.3566788
55.6	957	952.2825968
55.65	949	947.2120494
55.7	942	942.145056
55.75	933	937.0816364
55.8	924	932.0218099
55.85	919	926.9655963
55.9	915	921.9130149
55.95	914	916.8640855
56	912	911.8188275
56.05	905	906.7772605
56.1	901	901.739404
56.15	899	896.7052777
56.2	897	891.674901
56.25	895	886.6482935
56.3	892	881.6254748
56.35	890	876.6064645
56.4	878	871.591282
56.45	871	866.5799469
56.5	861	861.5724788
56.55	855	856.5688973
56.6	846	851.5692219
56.65	841	846.5734722
56.7	835	841.5816676
56.75	831	836.5938278
56.8	826	831.6099723
56.85	819	826.6301208
56.9	812	821.6542926
56.95	806	816.6825074
57	803	811.7147848
57.05	803	806.7511442
57.1	798	801.7916053
57.15	713	796.8361876
57.2	670	791.8849107
57.25	847	779.5127883
57.3	778	775.0147204
57.35	772	770.5431896
57.4	766	766.0980905
57.45	759	761.6793177
57.5	751	757.2867658
57.55	746	752.9203296
57.6	724	748.5799035
57.65	761	744.2653822
57.7	797	739.9766605
57.75	800	735.7136328
57.8	789	731.4761938
57.85	776	727.2642381
57.9	762	723.0776604
57.95	752	718.9163553
58	735	714.7802175
58.05	719	710.6691414
58.1	710	706.5830219
58.15	708	702.5217534
58.2	699	698.4852307
58.25	688	694.4733483
58.3	684	690.4860009
58.35	684	686.5230832
58.4	690	682.5844896
58.45	690	678.6701149
58.5	690	674.7798537
58.55	682	670.9136007
58.6	676	667.0712503
58.65	674	663.2526974
58.7	665	659.4578364
58.75	654	655.6865621
58.8	647	651.938769
58.85	640	648.2143518
58.9	636	644.5132051
58.95	627	640.8352235
59	623	637.1803017
59.05	616	633.5483343
59.1	614	629.9392159
59.15	613	626.3528412
59.2	615	622.7891047
59.25	611	619.2479011
59.3	608	615.729125
59.35	605	612.2326711
59.4	599	608.758434
59.45	595	605.3063082
59.5	591	601.8761885
59.55	589	598.4679695
59.6	587	595.0815457
59.65	581	591.7168119
59.7	579	588.3736626
59.75	577	585.0519925
59.8	568	581.7516961
59.85	562	578.4726682
59.9	560	575.2148033
59.95	556	571.9779961
60	553	568.7621412
60.05	547	565.5671333
60.1	548	562.3928669
60.15	542	559.2392367
60.2	542	556.1061372
60.25	540	552.9934633
60.3	540	549.9011094
60.35	538	546.8289702
60.4	540	543.7769403
60.45	534	540.7449143
60.5	527	537.7327869
60.55	526	534.7404528
60.6	526	531.7678064
60.65	522	528.8147425
60.7	518	525.8811557
60.75	525	522.9669406
60.8	520	520.0719919
60.85	518	517.1962041
60.9	524	514.3394719
60.95	521	511.5016899
61	499	508.6827528
61.05	465	505.8825551
61.1	466	503.1009915
61.15	464	500.3379567
61.2	465	497.5933452
61.25	467	494.8670517
61.3	470	492.1589708
61.35	465	489.4689971
61.4	460	486.7970253
61.45	458	484.14295
61.5	457	481.5066658
61.55	453	478.8880673
61.6	455	476.2870492
61.65	455	473.7035061
61.7	453	471.1373326
61.75	453	468.5884234
61.8	451	466.0566731
61.85	449	463.5419763
61.9	446	461.0442276
61.95	443	458.5633216
62	441	456.0991531
62.05	440	453.6516165
62.1	438	451.2206066
62.15	436	448.806018
62.2	435	446.4077452
62.25	436	444.025683
62.3	435	441.659726
62.35	432	439.3097687
62.4	431	436.9757058
62.45	430	434.6574319
62.5	427	432.3548417
62.55	424	430.0678298
62.6	423	427.7962908
62.65	420	425.5401194
62.7	422	423.2992101
62.75	421	421.0734576
62.8	418	418.8627565
62.85	417	416.6670015
62.9	413	414.4860871
62.95	411	412.319908
63	411	410.1683589
63.05	408	408.0313343
63.1	406	405.9087289
63.15	405	403.8004374
63.2	406	401.7063542
63.25	404	399.6263741
63.3	403	397.5603918
63.35	401	395.5083017
63.4	399	393.4699986
63.45	397	391.445377
63.5	395	389.4343317
63.55	395	387.4367571
63.6	391	385.4525481
63.65	391	383.4815991
63.7	389	381.5238048
63.75	386	379.5790598
63.8	383	377.6472589
63.85	381	375.7282965
63.9	376	373.8220673
63.95	376	371.9284659
64	372	370.0473871
64.05	370	368.1787253
64.1	369	366.3223753
64.15	369	364.4782316
64.2	371	362.6461889
64.25	370	360.8261418
64.3	367	359.0179849
64.35	367	357.2216129
64.4	363	355.4369203
64.45	364	353.6638019
64.5	362	351.9021523
64.55	361	350.151866
64.6	359	348.4128377
64.65	359	346.684962
64.7	355	344.9681336
64.75	353	343.262247
64.8	349	341.5671969
64.85	349	339.882878
64.9	347	338.2091849
64.95	346	336.5460121
65	345	334.8932543
65.05	343	333.2508062
65.1	340	331.6185623
65.15	338	329.9964174
65.2	336	328.3842659
65.25	335	326.7820026
65.3	333	325.1895221
65.35	331	323.606719
65.4	330	322.0334879
65.45	328	320.4697235
65.5	328	318.9153203
65.55	325	317.3701731
65.6	324	315.8341764
65.65	323	314.3072249
65.7	320	312.7892131
65.75	319	311.2800358
65.8	317	309.7795875
65.85	316	308.2877629
65.9	315	306.8044566
65.95	314	305.3295633
66	313	303.8629774
66.05	311	302.4045938
66.1	309	300.954307
66.15	308	299.5120116
66.2	306	298.0776022
66.25	305	296.6509736
66.3	304	295.2320203
66.35	304	293.8206369
66.4	301	292.4167181
66.45	300	291.0201585
66.5	299	289.6308527
66.55	298	288.2486953
66.6	297	286.8735811
66.65	296	285.5054045
66.7	294	284.1440603
66.75	294	282.7894431
66.8	292	281.4414474
66.85	290	280.0999679
66.9	290	278.7648993
66.95	289	277.4361362
67	286	276.1135732
67.05	286	274.7971048
67.1	284	273.4866259
67.15	283	272.1820309
67.2	283	270.8832145
67.25	281	269.5900713
67.3	277	268.302496
67.35	277	267.0203832
67.4	276	265.7436275
67.45	275	264.4721236
67.5	272	263.205766
67.55	271	261.9444494
67.6	270	260.6880684
67.65	268	259.4365177
67.7	266	258.1896918
67.75	265	256.9474855
67.8	264	255.7097933
67.85	263	254.4765098
67.9	262	253.2475298
67.95	260	252.0227477
68	258	250.8020583
68.05	257	249.5853561
68.1	255	248.3725358
68.15	253	247.1634921
68.2	252	245.9581195
68.25	251	244.7563127
68.3	248	243.5579662
68.35	248	242.3629748
68.4	246	241.1712331
68.45	245	239.9826356
68.5	243	238.7970771
68.55	243	237.6144521
68.6	241	236.4346552
68.65	240	235.2575812
68.7	238	234.0831245
68.75	237	232.9111799
68.8	236	231.741642
68.85	234	230.5744054
68.9	232	229.4093647
68.95	231	228.2464145
69	230	227.0854495
69.05	229	225.9263644
69.1	228	224.7690536
69.15	227	223.613412
69.2	225	222.459334
69.25	224	221.3067143
69.3	222	220.1554476
69.35	220	219.0054285
69.4	219	217.8565515
69.45	218	216.7087114
69.5	217	215.5618027
69.55	215	214.4157201
69.6	214	213.2703582
69.65	212	212.1256117
69.7	210	210.9813751
69.75	210	209.837543
69.8	208	208.6940102
69.85	207	207.5506713
69.9	206	206.4074208
69.95	206	205.2641534
70	204	204.1207637
70.05	204	202.9771464
70.1	204	201.833196
70.15	202	200.6888073
70.2	202	199.5438748
70.25	201	198.3982931
70.3	200	197.251957
70.35	198	196.1047609
70.4	196	194.9565996
70.45	194	193.8073676
70.5	191	192.6569597
70.55	189	191.5052703
70.6	187	190.3521942
70.65	186	189.197626
70.7	184	188.0414603
70.75	183	186.8835917
70.8	181	185.7239148
70.85	180	184.5623244
70.9	180	183.398715
70.95	178	182.2329811
71	176	181.0650176
71.05	176	179.894719
71.1	175	178.7219798
71.15	174	177.5466948
71.2	171	176.3687586
71.25	171	175.1880658
71.3	169	174.004511
71.35	169	172.8179889
71.4	168	171.628394
71.45	167	170.4356211
71.5	166	169.2395647
71.55	165	168.0401194
71.6	163	166.83718
71.65	162	165.6306409
71.7	162	164.4203969
71.75	160	163.2063426
71.8	158	161.9883726
71.85	158	160.7663814
71.9	157	159.5402639
71.95	155	158.3099145
72	154	157.0752279
72.05	153	155.8360988
72.1	151	154.5924217
72.15	150	153.3440913
72.2	150	152.0910023
72.25	148	150.8330491
72.3	146	149.5701266
72.35	142	148.3021292
72.4	142	147.0289516
72.45	141	145.7504885
72.5	140	144.4666345
72.55	139	143.1772842
72.6	136	141.8823322
72.65	136	140.5816732
72.7	134	139.2752018
72.75	134	137.9628125
72.8	132	136.6444001
72.85	130	135.3198592
72.9	128	133.9890844
72.95	127	132.6519703
73	125	131.3084115
73.05	124	129.9583027
73.1	122	128.6015385
73.15	122	127.2380136
73.2	119	125.8676225
73.25	117	124.4902599
73.3	115	123.1058204
73.35	113	121.7141986
73.4	112	120.3152892
73.45	109	118.9089868
73.5	108	117.495186
73.55	107	116.0737814
73.6	105	114.6446678
73.65	104	113.2077396
73.7	103	111.7628916
73.75	101	110.3100183
73.8	99	108.8490144
73.85	99	107.3797744
73.9	97	105.9021932
73.95	95	104.4161652
74	93	102.9215851
74.05	92	101.4183475
74.1	90	99.90634702
74.15	88	98.38547834
74.2	87	96.85563605
74.25	85	95.3167148
74.3	83	93.76860919
74.35	82	92.21121387
74.4	81	90.64442345
74.45	79	89.06813256
74.5	77	87.48223583
74.55	76	85.8866279
74.6	75	84.28120338
74.65	72	82.6658569
74.7	70	81.04048308
74.75	69	79.40497657
74.8	68	77.75923198
74.85	66	76.10314394
74.9	66	74.43660707
74.95	64	72.75951602
75	62	71.07176539
75.05	61	69.37324982
75.1	59	67.66386394
75.15	58	65.94350237
75.2	56	64.21205974
75.25	55	62.46943068
75.3	53	60.71550981
75.35	52	58.95019176
75.4	51	57.17337117
75.45	49	55.38494264
75.5	47	53.58480082
75.55	47	51.77284034
75.6	45	49.9489558
75.65	43	48.11304185
75.7	43	46.26499312
75.75	41	44.40470422
75.8	39	42.53206978
75.85	37	40.64698444
75.9	36	38.74934282
75.95	35	36.83903954
76	36	34.91596924
76.05	33	32.98002654
76.1	33	31.03110606
76.15	31	29.06910245
76.2	30	27.09391031
76.25	29	25.10542428
76.3	27	23.10353899
76.35	27	21.08814906
76.4	25	19.05914912
76.45	24	17.0164338
76.5	21	14.95989773
76.55	19	12.88943552
76.6	18	10.80494182
76.65	16	8.70631124
76.7	14	6.593438413
76.75	12	4.466217967
76.8	11	2.324544528
76.85	10	0.1683127238
76.9	9	-2.002582819
76.95	8	-4.188247474
77	6	-6.388786613
77.05	5	-8.60430561
77.1	3	-10.83490984
77.15	1	-13.08070467
77.2	0	-15.34179547
77.25	-2	-17.61828763
77.3	-2	-19.9102865
77.35	-4	-22.21789748
77.4	-4	-24.54122592
77.45	-5	-26.8803772
77.5	-7	-29.23545669